Date of Census,Total Adults in Shelter,Total Children in Shelter,Total Individuals in Shelter,Single Adult Men in Shelter,Single Adult Women in Shelter,Total Single Adults in Shelter,Families with Children in Shelter,Adults in Families with Children in Shelter,Children in Families with Children in Shelter,Total Individuals in Families with Children in Shelter ,Adult Families in Shelter,Individuals in Adult Families in Shelter
01/02/2015,33162,25018,58180,8136,3100,11236,12148,17469,25018,42487,2116,4457
01/03/2015,33161,25011,58172,8148,3099,11247,12135,17454,25011,42465,2118,4460
01/04/2015,33303,25027,58330,8218,3142,11360,12149,17469,25027,42496,2124,4474
01/05/2015,33354,25015,58369,8237,3168,11405,12135,17459,25015,42474,2132,4490
01/06/2015,33374,24978,58352,8276,3175,11451,12120,17433,24978,42411,2132,4490
01/07/2015,33464,25010,58474,8304,3170,11474,12145,17473,25010,42483,2145,4517
01/08/2015,33517,25034,58551,8288,3185,11473,12173,17511,25034,42545,2153,4533
01/09/2015,33415,25013,58428,8202,3164,11366,12162,17493,25013,42506,2163,4556
01/10/2015,33484,25003,58487,8259,3165,11424,12158,17493,25003,42496,2169,4567
01/11/2015,33569,25014,58583,8312,3177,11489,12166,17510,25014,42524,2170,4570
01/12/2015,33609,25034,58643,8332,3181,11513,12175,17525,25034,42559,2171,4571
01/13/2015,33615,25013,58628,8360,3188,11548,12161,17492,25013,42505,2171,4575
01/14/2015,33636,25004,58640,8360,3188,11548,12167,17506,25004,42510,2174,4582
01/15/2015,33646,25021,58667,8356,3182,11538,12168,17511,25021,42532,2181,4597
01/16/2015,33621,25003,58624,8356,3180,11536,12163,17507,25003,42510,2172,4578
01/17/2015,33538,24982,58520,8332,3149,11481,12151,17491,24982,42473,2166,4566
01/18/2015,33630,25014,58644,8378,3152,11530,12179,17529,25014,42543,2167,4571
01/19/2015,33687,25004,58691,8408,3173,11581,12179,17533,25004,42537,2168,4573
01/20/2015,33716,24998,58714,8458,3171,11629,12163,17507,24998,42505,2171,4580
01/21/2015,33686,24959,58645,8449,3189,11638,12141,17473,24959,42432,2169,4575
01/22/2015,33711,24944,58655,8478,3188,11666,12143,17473,24944,42417,2168,4572
01/23/2015,33611,24934,58545,8425,3158,11583,12141,17466,24934,42400,2165,4562
01/24/2015,33595,24877,58472,8428,3168,11596,12122,17435,24877,42312,2166,4564
01/25/2015,33708,24919,58627,8478,3189,11667,12141,17465,24919,42384,2172,4576
01/26/2015,33712,24890,58602,8525,3190,11715,12120,17442,24890,42332,2162,4555
01/27/2015,33781,24951,58732,8538,3189,11727,12151,17486,24951,42437,2169,4568
01/28/2015,33774,24949,58723,8541,3186,11727,12138,17473,24949,42422,2173,4574
01/29/2015,33699,24915,58614,8518,3195,11713,12118,17437,24915,42352,2162,4549
01/29/2015,33699,24915,58614,8518,3195,11713,12118,17437,24915,42352,2162,4549
01/30/2015,33602,24904,58506,8440,3159,11599,12114,17439,24904,42343,2169,4564
01/31/2015,33569,24844,58413,8459,3154,11613,12084,17406,24844,42250,2163,4550
02/01/2015,33639,24840,58479,8476,3178,11654,12088,17417,24840,42257,2172,4568
02/02/2015,33752,24835,58587,8535,3186,11721,12088,17433,24835,42268,2187,4598
02/03/2015,21975,24819,46794,0,0,0,12082,17418,24819,42237,2167,4557
02/05/2015,33630,24720,58350,8526,3177,11703,12034,17364,24720,42084,2171,4563
02/06/2015,33621,24725,58346,8512,3166,11678,12036,17369,24725,42094,2176,4574
02/07/2015,33542,24720,58262,8455,3163,11618,12032,17366,24720,42086,2167,4558
02/08/2015,33690,24739,58429,8562,3174,11736,12045,17384,24739,42123,2173,4570
02/10/2015,33662,24667,58329,8581,3190,11771,12001,17332,24667,41999,2166,4559
02/11/2015,33668,24620,58288,8588,3187,11775,11991,17317,24620,41937,2174,4576
02/12/2015,33679,24588,58267,8618,3191,11809,11972,17305,24588,41893,2169,4565
02/13/2015,33657,24573,58230,8589,3184,11773,11973,17308,24573,41881,2174,4576
02/14/2015,33552,24537,58089,8522,3152,11674,11967,17298,24537,41835,2176,4580
02/15/2015,33662,24548,58210,8603,3168,11771,11970,17301,24548,41849,2181,4590
02/16/2015,33740,24552,58292,8638,3185,11823,11982,17311,24552,41863,2189,4606
02/16/2015,33740,24552,58292,8638,3185,11823,11982,17311,24552,41863,2189,4606
02/17/2015,33770,24574,58344,8648,3199,11847,11992,17325,24574,41899,2184,4598
02/18/2015,33760,24524,58284,8672,3214,11886,11958,17275,24524,41799,2184,4599
02/19/2015,33732,24537,58269,8651,3211,11862,11960,17278,24537,41815,2181,4592
02/20/2015,33692,24519,58211,8657,3194,11851,11959,17256,24519,41775,2178,4585
02/21/2015,33594,24510,58104,8605,3171,11776,11955,17258,24510,41768,2165,4560
02/22/2015,33652,24504,58156,8643,3192,11835,11953,17257,24504,41761,2166,4560
02/23/2015,33656,24486,58142,8678,3197,11875,11929,17216,24486,41702,2168,4565
02/24/2015,33638,24435,58073,8692,3204,11896,11902,17169,24435,41604,2172,4573
02/25/2015,33645,24438,58083,8695,3209,11904,11900,17178,24438,41616,2167,4563
02/26/2015,33561,24414,57975,8641,3209,11850,11897,17174,24414,41588,2153,4537
02/27/2015,33506,24421,57927,8590,3179,11769,11910,17186,24421,41607,2160,4551
02/28/2015,33497,24342,57839,8631,3162,11793,11892,17161,24342,41503,2156,4543
03/01/2015,33591,24370,57961,8665,3187,11852,11911,17184,24370,41554,2164,4555
03/02/2015,33602,24361,57963,8656,3194,11850,11900,17186,24361,41547,2168,4566
03/03/2015,33526,24293,57819,8657,3203,11860,11856,17121,24293,41414,2159,4545
03/04/2015,33579,24330,57909,8682,3200,11882,11882,17148,24330,41478,2160,4549
03/05/2015,33561,24311,57872,8664,3197,11861,11869,17148,24311,41459,2163,4552
03/06/2015,33549,24317,57866,8624,3191,11815,11881,17169,24317,41486,2169,4565
03/07/2015,33558,24353,57911,8612,3179,11791,11903,17195,24353,41548,2172,4572
03/08/2015,33600,24369,57969,8654,3185,11839,11906,17199,24369,41568,2167,4562
03/09/2015,33620,24407,58027,8624,3202,11826,11923,17226,24407,41633,2171,4568
03/10/2015,33510,24273,57783,8661,3207,11868,11856,17116,24273,41389,2150,4526
03/11/2015,21707,24286,45993,0,0,0,11879,17154,24286,41440,2163,4553
03/12/2015,33500,24275,57775,8612,3197,11809,11874,17146,24275,41421,2160,4545
03/16/2015,33562,24195,57757,8678,3206,11884,11865,17141,24195,41336,2156,4537
03/17/2015,33544,24174,57718,8666,3210,11876,11853,17123,24174,41297,2158,4545
03/18/2015,33568,24152,57720,8699,3209,11908,11850,17108,24152,41260,2162,4552
03/19/2015,33515,24140,57655,8650,3207,11857,11842,17092,24140,41232,2169,4566
03/20/2015,33508,24116,57624,8634,3207,11841,11835,17089,24116,41205,2174,4578
03/21/2015,33436,24092,57528,8590,3189,11779,11829,17084,24092,41176,2172,4573
03/22/2015,33563,24112,57675,8678,3206,11884,11845,17108,24112,41220,2170,4571
03/23/2015,33551,24071,57622,8687,3221,11908,11814,17067,24071,41138,2173,4576
03/24/2015,33520,24016,57536,8688,3227,11915,11801,17038,24016,41054,2170,4567
03/25/2015,33554,24003,57557,8704,3237,11941,11805,17039,24003,41042,2174,4574
03/26/2015,33437,23968,57405,8672,3179,11851,11782,17017,23968,40985,2172,4569
03/27/2015,33384,23919,57303,8621,3223,11844,11762,16982,23919,40901,2167,4558
03/28/2015,33320,23871,57191,8601,3213,11814,11745,16949,23871,40820,2168,4557
03/29/2015,33427,23903,57330,8661,3229,11890,11764,16969,23903,40872,2174,4568
03/30/2015,33428,23905,57333,8672,3221,11893,11762,16973,23905,40878,2171,4562
03/31/2015,33339,23827,57166,8642,3211,11853,11743,16937,23827,40764,2164,4549
04/01/2015,33265,23824,57089,8600,3169,11769,11749,16932,23824,40756,2172,4564
04/02/2015,33227,23820,57047,8542,3189,11731,11756,16935,23820,40755,2170,4561
04/03/2015,33183,23818,57001,8505,3194,11699,11752,16923,23818,40741,2170,4561
04/04/2015,33236,23798,57034,8567,3188,11755,11749,16909,23798,40707,2174,4572
04/05/2015,33338,23843,57181,8628,3193,11821,11777,16954,23843,40797,2170,4563
04/06/2015,33331,23816,57147,8642,3195,11837,11766,16947,23816,40763,2163,4547
04/07/2015,33302,23723,57025,8675,3202,11877,11724,16879,23723,40602,2163,4546
04/08/2015,33378,23747,57125,8709,3217,11926,11738,16896,23747,40643,2167,4556
04/09/2015,33389,23812,57201,8699,3210,11909,11776,16944,23812,40756,2158,4536
04/10/2015,33267,23747,57014,8643,3190,11833,11765,16914,23747,40661,2150,4520
04/11/2015,33221,23733,56954,8618,3195,11813,11758,16908,23733,40641,2141,4500
04/12/2015,33348,23800,57148,8678,3217,11895,11787,16953,23800,40753,2141,4500
04/13/2015,33349,23776,57125,8708,3229,11937,11766,16922,23776,40698,2137,4490
04/14/2015,33410,23824,57234,8698,3235,11933,11789,16960,23824,40784,2149,4517
04/15/2015,33412,23799,57211,8686,3237,11923,11781,16959,23799,40758,2155,4530
04/16/2015,33321,23777,57098,8661,3239,11900,11767,16929,23777,40706,2139,4492
04/17/2015,33200,23711,56911,8584,3220,11804,11745,16892,23711,40603,2146,4504
04/18/2015,33072,23655,56727,8537,3191,11728,11728,16861,23655,40516,2137,4483
04/19/2015,33225,23686,56911,8658,3203,11861,11745,16877,23686,40563,2139,4487
04/21/2015,33291,23681,56972,8681,3224,11905,11737,16883,23681,40564,2146,4503
04/22/2015,33283,23597,56880,8697,3239,11936,11716,16843,23597,40440,2146,4504
04/23/2015,33300,23621,56921,8679,3249,11928,11736,16864,23621,40485,2147,4508
04/24/2015,33222,23602,56824,8628,3222,11850,11728,16867,23602,40469,2146,4505
04/25/2015,33183,23613,56796,8581,3230,11811,11732,16875,23613,40488,2142,4497
04/26/2015,33257,23650,56907,8635,3235,11870,11749,16900,23650,40550,2137,4487
04/27/2015,33259,23617,56876,8645,3262,11907,11730,16876,23617,40493,2131,4476
04/28/2015,33239,23608,56847,8627,3257,11884,11729,16873,23608,40481,2134,4482
04/29/2015,33240,23614,56854,8643,3261,11904,11735,16873,23614,40487,2125,4463
04/30/2015,33201,23609,56810,8621,3234,11855,11733,16877,23609,40486,2127,4469
05/01/2015,32959,23596,56555,8429,3200,11629,11737,16863,23596,40459,2126,4467
05/02/2015,32866,23561,56427,8371,3197,11568,11712,16825,23561,40386,2128,4473
05/03/2015,33075,23595,56670,8546,3215,11761,11729,16843,23595,40438,2126,4471
05/04/2015,33095,23545,56640,8561,3221,11782,11702,16815,23545,40360,2139,4498
05/05/2015,33080,23522,56602,8567,3207,11774,11689,16800,23522,40322,2142,4506
05/06/2015,33190,23565,56755,8612,3231,11843,11705,16825,23565,40390,2151,4522
05/07/2015,33175,23593,56768,8579,3225,11804,11735,16869,23593,40462,2141,4502
05/08/2015,33106,23595,56701,8520,3201,11721,11743,16877,23595,40472,2145,4508
05/09/2015,33093,23538,56631,8540,3206,11746,11715,16837,23538,40375,2145,4510
05/10/2015,33124,23546,56670,8555,3209,11764,11714,16844,23546,40390,2148,4516
05/11/2015,33191,23532,56723,8606,3230,11836,11704,16833,23532,40365,2152,4522
05/12/2015,33114,23469,56583,8587,3242,11829,11680,16777,23469,40246,2147,4508
05/13/2015,33215,23499,56714,8638,3243,11881,11714,16824,23499,40323,2149,4510
05/14/2015,33210,23524,56734,8622,3238,11860,11731,16849,23524,40373,2143,4501
05/18/2015,33261,23468,56729,8643,3256,11899,11725,16849,23468,40317,2148,4513
05/19/2015,33188,23467,56655,8601,3249,11850,11713,16833,23467,40300,2145,4505
05/20/2015,33310,23499,56809,8658,3251,11909,11739,16872,23499,40371,2157,4529
05/21/2015,33323,23517,56840,8672,3254,11926,11755,16884,23517,40401,2149,4513
05/22/2015,33190,23461,56651,8584,3226,11810,11731,16842,23461,40303,2160,4538
05/23/2015,33198,23482,56680,8590,3218,11808,11743,16858,23482,40340,2157,4532
05/25/2015,33189,23433,56622,8630,3205,11835,11727,16826,23433,40259,2155,4528
05/26/2015,33203,23408,56611,8647,3228,11875,11712,16808,23408,40216,2152,4520
05/27/2015,33202,23337,56539,8681,3239,11920,11683,16763,23337,40100,2151,4519
05/28/2015,33196,23331,56527,8681,3250,11931,11689,16766,23331,40097,2141,4499
05/29/2015,33122,23365,56487,8598,3237,11835,11711,16783,23365,40148,2144,4504
05/30/2015,33038,23314,56352,8538,3222,11760,11697,16767,23314,40081,2149,4511
05/31/2015,33123,23317,56440,8618,3227,11845,11698,16761,23317,40078,2152,4517
06/01/2015,33213,23349,56562,8671,3252,11923,11703,16778,23349,40127,2149,4512
06/02/2015,33169,23279,56448,8681,3246,11927,11673,16735,23279,40014,2147,4507
06/03/2015,33202,23304,56506,8680,3250,11930,11694,16760,23304,40064,2149,4512
06/04/2015,33171,23325,56496,8625,3251,11876,11715,16779,23325,40104,2149,4516
06/05/2015,33124,23286,56410,8627,3241,11868,11702,16749,23286,40035,2144,4507
06/06/2015,33065,23290,56355,8566,3245,11811,11706,16748,23290,40038,2145,4506
06/07/2015,33094,23284,56378,8610,3255,11865,11710,16743,23284,40027,2136,4486
06/08/2015,33137,23298,56435,8648,3264,11912,11707,16739,23298,40037,2134,4486
06/09/2015,33096,23266,56362,8612,3274,11886,11693,16726,23266,39992,2133,4484
06/10/2015,33128,23233,56361,8665,3275,11940,11689,16694,23233,39927,2138,4494
06/11/2015,33077,23237,56314,8592,3270,11862,11702,16709,23237,39946,2144,4506
06/12/2015,33028,23234,56262,8568,3256,11824,11701,16699,23234,39933,2144,4505
06/13/2015,32981,23162,56143,8564,3267,11831,11668,16657,23162,39819,2138,4493
06/14/2015,33058,23172,56230,8620,3277,11897,11676,16668,23172,39840,2137,4493
06/15/2015,33135,23187,56322,8684,3286,11970,11669,16675,23187,39862,2137,4490
06/16/2015,33081,23138,56219,8688,3292,11980,11644,16637,23138,39775,2125,4464
06/17/2015,33069,23117,56186,8677,3297,11974,11653,16641,23117,39758,2119,4454
06/18/2015,33062,23100,56162,8674,3286,11960,11656,16641,23100,39741,2123,4461
06/19/2015,32980,23090,56070,8599,3281,11880,11653,16631,23090,39721,2128,4469
06/20/2015,33000,23077,56077,8627,3292,11919,11643,16614,23077,39691,2126,4467
06/21/2015,33026,23117,56143,8633,3292,11925,11662,16635,23117,39752,2126,4466
06/22/2015,33083,23084,56167,8674,3301,11975,11653,16624,23084,39708,2135,4484
06/23/2015,33095,23042,56137,8705,3314,12019,11628,16595,23042,39637,2134,4481
06/24/2015,33097,23061,56158,8705,3318,12023,11635,16608,23061,39669,2127,4466
06/25/2015,33048,23050,56098,8684,3309,11993,11619,16584,23050,39634,2130,4471
06/26/2015,32955,22994,55949,8623,3305,11928,11594,16559,22994,39553,2128,4468
06/27/2015,32980,22952,55932,8666,3302,11968,11587,16541,22952,39493,2129,4471
06/28/2015,33014,22963,55977,8671,3310,11981,11599,16551,22963,39514,2136,4482
06/29/2015,33007,22934,55941,8679,3315,11994,11579,16532,22934,39466,2135,4481
06/29/2015,33007,22934,55941,8679,3315,11994,11579,16532,22934,39466,2135,4481
06/30/2015,32982,22907,55889,8678,3312,11990,11574,16525,22907,39432,2127,4467
07/02/2015,32893,22916,55809,8593,3296,11889,11597,16542,22916,39458,2126,4462
07/03/2015,32827,22875,55702,8558,3280,11838,11586,16529,22875,39404,2127,4460
07/04/2015,32790,22914,55704,8495,3263,11758,11607,16566,22914,39480,2131,4466
07/05/2015,32901,22903,55804,8591,3301,11892,11602,16551,22903,39454,2127,4458
07/06/2015,32947,22887,55834,8625,3312,11937,11595,16542,22887,39429,2132,4468
07/07/2015,32955,22866,55821,8637,3323,11960,11581,16533,22866,39399,2129,4462
07/08/2015,33024,22872,55896,8657,3330,11987,11592,16553,22872,39425,2138,4484
07/09/2015,33042,22871,55913,8665,3332,11997,11603,16568,22871,39439,2135,4477
07/10/2015,32973,22864,55837,8603,3336,11939,11610,16572,22864,39436,2129,4462
07/11/2015,32914,22850,55764,8573,3329,11902,11606,16551,22850,39401,2129,4461
07/12/2015,32992,22899,55891,8619,3333,11952,11635,16585,22899,39484,2126,4455
07/13/2015,33081,22916,55997,8665,3330,11995,11639,16607,22916,39523,2137,4479
07/14/2015,33051,22928,55979,8661,3336,11997,11627,16584,22928,39512,2132,4470
07/15/2015,33122,22969,56091,8690,3343,12033,11656,16616,22969,39585,2134,4473
07/16/2015,33147,23080,56227,8682,3344,12026,11689,16655,23080,39735,2129,4466
07/17/2015,33068,23065,56133,8590,3369,11959,11677,16642,23065,39707,2129,4467
07/18/2015,32961,22977,55938,8568,3347,11915,11631,16582,22977,39559,2128,4464
07/19/2015,33039,23032,56071,8596,3353,11949,11654,16620,23032,39652,2131,4470
07/20/2015,33080,23005,56085,8663,3375,12038,11627,16580,23005,39585,2127,4462
07/21/2015,33086,22987,56073,8683,3378,12061,11627,16581,22987,39568,2118,4444
07/22/2015,33079,22990,56069,8676,3378,12054,11639,16596,22990,39586,2111,4429
07/23/2015,33037,22948,55985,8635,3378,12013,11634,16595,22948,39543,2112,4429
07/24/2015,32953,22962,55915,8570,3378,11948,11633,16599,22962,39561,2101,4406
07/25/2015,32942,22984,55926,8574,3372,11946,11648,16616,22984,39600,2089,4380
07/26/2015,33020,23032,56052,8623,3377,12000,11662,16641,23032,39673,2088,4379
07/27/2015,33064,23036,56100,8654,3380,12034,11665,16641,23036,39677,2094,4389
07/28/2015,33047,22996,56043,8653,3391,12044,11640,16617,22996,39613,2093,4386
07/29/2015,33135,23039,56174,8678,3397,12075,11660,16647,23039,39686,2104,4413
07/30/2015,33132,23038,56170,8659,3403,12062,11665,16653,23038,39691,2107,4417
07/31/2015,32984,22981,55965,8594,3360,11954,11633,16597,22981,39578,2114,4433
08/01/2015,32950,22999,55949,8546,3346,11892,11648,16621,22999,39620,2115,4437
08/02/2015,33078,23057,56135,8587,3377,11964,11680,16676,23057,39733,2115,4438
08/03/2015,33192,23092,56284,8643,3395,12038,11688,16697,23092,39789,2125,4457
08/03/2015,33192,23092,56284,8643,3395,12038,11688,16697,23092,39789,2125,4457
08/04/2015,33117,23016,56133,8627,3396,12023,11671,16655,23016,39671,2115,4439
08/05/2015,33197,23045,56242,8698,3397,12095,11705,16679,23045,39724,2106,4423
08/06/2015,33152,23021,56173,8669,3397,12066,11694,16654,23021,39675,2110,4432
08/07/2015,33071,23040,56111,8567,3384,11951,11718,16685,23040,39725,2111,4435
08/08/2015,33032,22997,56029,8557,3390,11947,11693,16643,22997,39640,2114,4442
08/09/2015,33183,23043,56226,8664,3407,12071,11713,16668,23043,39711,2114,4444
08/10/2015,33298,23123,56421,8705,3411,12116,11746,16711,23123,39834,2128,4471
08/11/2015,33295,23112,56407,8693,3432,12125,11732,16703,23112,39815,2126,4467
08/12/2015,33333,23152,56485,8695,3450,12145,11735,16712,23152,39864,2130,4476
08/13/2015,33368,23176,56544,8685,3460,12145,11741,16734,23176,39910,2137,4489
08/14/2015,33337,23260,56597,8628,3450,12078,11776,16775,23260,40035,2135,4484
08/15/2015,33245,23248,56493,8607,3416,12023,11772,16750,23248,39998,2129,4472
08/16/2015,33348,23245,56593,8667,3444,12111,11774,16758,23245,40003,2132,4479
08/17/2015,33345,23219,56564,8688,3446,12134,11754,16732,23219,39951,2132,4479
08/18/2015,33289,23155,56444,8715,3438,12153,11713,16670,23155,39825,2127,4466
08/19/2015,33366,23262,56628,8688,3462,12150,11772,16734,23262,39996,2136,4482
08/20/2015,33374,23299,56673,8664,3470,12134,11792,16771,23299,40070,2130,4469
08/21/2015,33312,23317,56629,8617,3457,12074,11794,16778,23317,40095,2127,4460
08/22/2015,33258,23314,56572,8567,3444,12011,11796,16788,23314,40102,2127,4459
08/23/2015,33374,23316,56690,8669,3449,12118,11809,16798,23316,40114,2127,4458
08/24/2015,33436,23305,56741,8691,3468,12159,11802,16811,23305,40116,2131,4466
08/25/2015,33410,23303,56713,8678,3467,12145,11799,16812,23303,40115,2126,4453
08/26/2015,33353,23294,56647,8644,3465,12109,11790,16784,23294,40078,2131,4460
08/27/2015,33417,23327,56744,8690,3469,12159,11807,16791,23327,40118,2133,4467
08/28/2015,33295,23247,56542,8624,3453,12077,11775,16751,23247,39998,2133,4467
08/29/2015,33317,23266,56583,8633,3455,12088,11788,16766,23266,40032,2131,4463
08/30/2015,33415,23300,56715,8695,3458,12153,11809,16793,23300,40093,2134,4469
08/31/2015,33446,23285,56731,8738,3472,12210,11785,16766,23285,40051,2134,4470
09/01/2015,33362,23273,56635,8694,3449,12143,11782,16755,23273,40028,2130,4464
09/02/2015,33392,23328,56720,8698,3434,12132,11827,16809,23328,40137,2123,4451
09/03/2015,33405,23358,56763,8681,3444,12125,11838,16822,23358,40180,2126,4458
09/04/2015,33362,23368,56730,8631,3436,12067,11856,16827,23368,40195,2131,4468
09/05/2015,33348,23358,56706,8592,3454,12046,11860,16829,23358,40187,2133,4473
09/06/2015,33367,23358,56725,8633,3432,12065,11876,16835,23358,40193,2129,4467
09/07/2015,33525,23438,56963,8715,3445,12160,11914,16892,23438,40330,2132,4473
09/08/2015,33545,23425,56970,8719,3460,12179,11907,16889,23425,40314,2135,4477
09/09/2015,33570,23379,56949,8738,3487,12225,11886,16858,23379,40237,2141,4487
09/10/2015,33635,23412,57047,8755,3494,12249,11912,16896,23412,40308,2140,4490
09/11/2015,33600,23502,57102,8692,3473,12165,11951,16959,23502,40461,2134,4476
09/12/2015,33524,23404,56928,8710,3473,12183,11914,16897,23404,40301,2119,4444
09/13/2015,33668,23472,57140,8759,3505,12264,11951,16954,23472,40426,2122,4450
09/14/2015,33714,23510,57224,8775,3498,12273,11958,16969,23510,40479,2132,4472
09/15/2015,33727,23479,57206,8786,3514,12300,11937,16946,23479,40425,2137,4481
09/16/2015,33733,23531,57264,8776,3520,12296,11953,16960,23531,40491,2135,4477
09/17/2015,33720,23489,57209,8775,3522,12297,11939,16946,23489,40435,2135,4477
09/18/2015,33684,23478,57162,8754,3491,12245,11935,16942,23478,40420,2145,4497
09/19/2015,33630,23429,57059,8729,3500,12229,11919,16911,23429,40340,2141,4490
09/20/2015,33666,23404,57070,8807,3504,12311,11893,16867,23404,40271,2140,4488
09/21/2015,33675,23384,57059,8812,3515,12327,11883,16857,23384,40241,2144,4491
09/21/2015,33675,23384,57059,8812,3515,12327,11883,16857,23384,40241,2144,4491
09/22/2015,33787,23422,57209,8857,3539,12396,11911,16893,23422,40315,2148,4498
09/23/2015,33803,23403,57206,8871,3527,12398,11912,16885,23403,40288,2158,4520
09/24/2015,33832,23391,57223,8856,3529,12385,11936,16926,23391,40317,2158,4521
09/25/2015,33755,23486,57241,8754,3508,12262,11967,16965,23486,40451,2162,4528
09/26/2015,33673,23448,57121,8735,3498,12233,11938,16934,23448,40382,2151,4506
09/27/2015,33802,23470,57272,8822,3509,12331,11963,16958,23470,40428,2154,4513
09/28/2015,33879,23485,57364,8848,3534,12382,11971,16973,23485,40458,2159,4524
09/29/2015,33830,23455,57285,8831,3529,12360,11964,16948,23455,40403,2158,4522
09/30/2015,33882,23484,57366,8850,3539,12389,11975,16966,23484,40450,2161,4527
10/01/2015,33809,23428,57237,8796,3520,12316,11966,16955,23428,40383,2167,4538
10/02/2015,33787,23431,57218,8789,3508,12297,11966,16951,23431,40382,2167,4539
10/03/2015,33742,23363,57105,8806,3525,12331,11925,16890,23363,40253,2158,4521
10/04/2015,33826,23376,57202,8849,3535,12384,11943,16912,23376,40288,2164,4530
10/05/2015,33870,23406,57276,8866,3539,12405,11950,16936,23406,40342,2164,4529
10/06/2015,33851,23388,57239,8892,3536,12428,11933,16905,23388,40293,2159,4518
10/07/2015,33858,23401,57259,8882,3538,12420,11950,16929,23401,40330,2154,4509
10/08/2015,33851,23331,57182,8883,3552,12435,11929,16900,23331,40231,2157,4516
10/09/2015,33841,23414,57255,8811,3524,12335,11982,16981,23414,40395,2161,4525
10/10/2015,33764,23360,57124,8779,3531,12310,11951,16935,23360,40295,2158,4519
10/11/2015,33828,23342,57170,8844,3540,12384,11940,16916,23342,40258,2162,4528
10/12/2015,33964,23400,57364,8891,3568,12459,11964,16949,23400,40349,2176,4556
10/13/2015,34016,23444,57460,8918,3562,12480,11998,16990,23444,40434,2171,4546
10/14/2015,33956,23397,57353,8878,3578,12456,11982,16964,23397,40361,2166,4536
10/15/2015,33969,23331,57300,8925,3573,12498,11969,16942,23331,40273,2163,4529
10/16/2015,33937,23377,57314,8884,3561,12445,11988,16951,23377,40328,2168,4541
10/17/2015,33952,23368,57320,8910,3559,12469,11988,16948,23368,40316,2165,4535
10/18/2015,34022,23364,57386,8962,3585,12547,11987,16951,23364,40315,2160,4524
10/19/2015,34122,23424,57546,8975,3584,12559,12018,17001,23424,40425,2178,4562
10/20/2015,34027,23396,57423,8944,3572,12516,11990,16956,23396,40352,2175,4555
10/21/2015,34034,23376,57410,8975,3553,12528,11979,16951,23376,40327,2175,4555
10/22/2015,34072,23376,57448,9009,3573,12582,11978,16952,23376,40328,2168,4538
10/23/2015,34020,23377,57397,8961,3566,12527,11984,16966,23377,40343,2163,4527
10/24/2015,34056,23372,57428,8957,3586,12543,11999,16979,23372,40351,2167,4534
10/25/2015,34063,23306,57369,9014,3587,12601,11968,16924,23306,40230,2169,4538
10/26/2015,34117,23343,57460,9052,3574,12626,11976,16945,23343,40288,2173,4546
10/27/2015,34070,23340,57410,9032,3579,12611,11963,16921,23340,40261,2171,4538
10/28/2015,34178,23397,57575,9090,3594,12684,11989,16962,23397,40359,2168,4532
10/29/2015,34174,23444,57618,9060,3586,12646,12008,16987,23444,40431,2170,4541
10/30/2015,34048,23408,57456,8981,3539,12520,12005,16980,23408,40388,2174,4548
10/31/2015,34002,23412,57414,8913,3538,12451,12021,16999,23412,40411,2176,4552
11/01/2015,34029,23378,57407,8981,3553,12534,11989,16963,23378,40341,2166,4532
11/03/2015,34072,23379,57451,8999,3564,12563,11985,16965,23379,40344,2171,4544
11/04/2015,34114,23370,57484,9033,3572,12605,11990,16949,23370,40319,2176,4560
11/05/2015,34117,23361,57478,9063,3560,12623,12007,16957,23361,40318,2165,4537
11/06/2015,34039,23380,57419,8981,3530,12511,12026,16987,23380,40367,2166,4541
11/07/2015,34060,23387,57447,8995,3555,12550,12030,17000,23387,40387,2153,4510
11/08/2015,34164,23379,57543,9083,3570,12653,12034,16997,23379,40376,2155,4514
11/09/2015,34299,23457,57756,9116,3576,12692,12081,17055,23457,40512,2174,4552
11/10/2015,34304,23418,57722,9142,3586,12728,12069,17032,23418,40450,2170,4544
11/11/2015,34330,23475,57805,9127,3603,12730,12090,17050,23475,40525,2174,4550
11/12/2015,34320,23454,57774,9118,3591,12709,12089,17045,23454,40499,2182,4566
11/13/2015,34310,23491,57801,9112,3574,12686,12103,17064,23491,40555,2179,4560
11/14/2015,34224,23452,57676,9056,3572,12628,12080,17038,23452,40490,2177,4558
11/15/2015,34271,23429,57700,9077,3597,12674,12069,17031,23429,40460,2181,4566
11/16/2015,34388,23468,57856,9131,3603,12734,12094,17059,23468,40527,2195,4595
11/17/2015,34403,23500,57903,9135,3607,12742,12099,17083,23500,40583,2187,4578
11/18/2015,34410,23520,57930,9155,3608,12763,12120,17090,23520,40610,2177,4557
11/19/2015,34424,23481,57905,9180,3619,12799,12112,17081,23481,40562,2170,4544
11/20/2015,34404,23522,57926,9137,3590,12727,12139,17112,23522,40634,2181,4565
11/21/2015,34268,23474,57742,9079,3574,12653,12105,17066,23474,40540,2172,4549
11/22/2015,34402,23493,57895,9149,3603,12752,12120,17096,23493,40589,2175,4554
11/23/2015,34514,23523,58037,9188,3613,12801,12144,17137,23523,40660,2185,4576
11/24/2015,34473,23481,57954,9185,3606,12791,12131,17119,23481,40600,2178,4563
11/25/2015,34432,23530,57962,9145,3573,12718,12167,17159,23530,40689,2174,4555
11/26/2015,34380,23576,57956,9082,3544,12626,12191,17184,23576,40760,2181,4570
11/27/2015,34416,23577,57993,9119,3538,12657,12194,17188,23577,40765,2181,4571
11/28/2015,34402,23505,57907,9147,3554,12701,12148,17125,23505,40630,2184,4576
11/29/2015,34430,23425,57855,9196,3576,12772,12118,17089,23425,40514,2181,4569
11/30/2015,34531,23436,57967,9254,3589,12843,12113,17093,23436,40529,2192,4595
12/01/2015,34366,23367,57733,9180,3573,12753,12070,17026,23367,40393,2187,4587
12/02/2015,34347,23406,57753,9164,3572,12736,12098,17043,23406,40449,2177,4568
12/03/2015,34354,23415,57769,9145,3579,12724,12122,17059,23415,40474,2179,4571
12/04/2015,34235,23402,57637,9025,3556,12581,12121,17060,23402,40462,2189,4594
12/05/2015,34320,23396,57716,9126,3582,12708,12112,17038,23396,40434,2180,4574
12/06/2015,34417,23419,57836,9189,3591,12780,12125,17054,23419,40473,2185,4583
12/07/2015,34517,23450,57967,9270,3588,12858,12151,17082,23450,40532,2182,4577
12/08/2015,34552,23426,57978,9280,3604,12884,12149,17085,23426,40511,2185,4583
12/09/2015,34554,23430,57984,9259,3600,12859,12153,17092,23430,40522,2195,4603
12/10/2015,34616,23454,58070,9272,3619,12891,12169,17120,23454,40574,2195,4605
12/11/2015,34457,23395,57852,9177,3592,12769,12151,17090,23395,40485,2192,4598
12/12/2015,34417,23413,57830,9146,3594,12740,12148,17085,23413,40498,2188,4592
12/13/2015,34551,23420,57971,9216,3621,12837,12166,17106,23420,40526,2195,4608
12/14/2015,34566,23432,57998,9241,3603,12844,12166,17108,23432,40540,2198,4614
12/15/2015,34562,23403,57965,9251,3617,12868,12148,17082,23403,40485,2198,4612
12/16/2015,34611,23415,58026,9259,3622,12881,12166,17106,23415,40521,2203,4624
12/17/2015,34575,23461,58036,9218,3631,12849,12185,17124,23461,40585,2192,4602
12/18/2015,34474,23407,57881,9189,3601,12790,12151,17063,23407,40470,2199,4621
12/19/2015,34442,23412,57854,9184,3592,12776,12160,17074,23412,40486,2186,4592
12/20/2015,34549,23404,57953,9258,3613,12871,12152,17074,23404,40478,2191,4604
12/21/2015,34587,23422,58009,9285,3615,12900,12158,17082,23422,40504,2192,4605
12/22/2015,34545,23440,57985,9259,3610,12869,12162,17087,23440,40527,2184,4589
12/23/2015,34486,23416,57902,9236,3609,12845,12150,17071,23416,40487,2175,4570
12/24/2015,34279,23410,57689,9052,3561,12613,12157,17086,23410,40496,2180,4580
12/25/2015,34313,23398,57711,9078,3557,12635,12158,17087,23398,40485,2185,4591
12/26/2015,34320,23379,57699,9116,3557,12673,12145,17063,23379,40442,2182,4584
12/27/2015,34392,23338,57730,9209,3568,12777,12121,17029,23338,40367,2183,4586
12/28/2015,34570,23326,57896,9304,3601,12905,12127,17049,23326,40375,2197,4616
12/29/2015,34517,23321,57838,9294,3593,12887,12113,17031,23321,40352,2189,4599
12/30/2015,34514,23400,57914,9274,3550,12824,12154,17080,23400,40480,2195,4610
12/31/2015,33960,23378,57338,8845,3440,12285,12152,17061,23378,40439,2197,4614
01/01/2016,34267,23362,57629,9116,3476,12592,12146,17057,23362,40419,2199,4618
01/02/2016,34317,23361,57678,9150,3492,12642,12144,17053,23361,40414,2200,4622
01/03/2016,34463,23325,57788,9265,3539,12804,12128,17036,23325,40361,2200,4623
01/04/2016,34611,23318,57929,9380,3588,12968,12118,17020,23318,40338,2200,4623
01/05/2016,34650,23358,58008,9365,3610,12975,12138,17049,23358,40407,2200,4626
01/06/2016,34682,23404,58086,9351,3606,12957,12174,17090,23404,40494,2204,4635
01/07/2016,34708,23429,58137,9334,3625,12959,12186,17111,23429,40540,2205,4638
01/08/2016,34612,23401,58013,9269,3602,12871,12198,17115,23401,40516,2201,4626
01/09/2016,34558,23362,57920,9239,3618,12857,12185,17084,23362,40446,2196,4617
01/10/2016,34681,23396,58077,9301,3631,12932,12211,17116,23396,40512,2203,4633
01/11/2016,34732,23426,58158,9322,3638,12960,12217,17130,23426,40556,2208,4642
01/12/2016,34788,23454,58242,9339,3646,12985,12244,17161,23454,40615,2209,4642
01/13/2016,34830,23460,58290,9364,3659,13023,12247,17155,23460,40615,2214,4652
01/14/2016,34871,23484,58355,9358,3655,13013,12274,17190,23484,40674,2222,4668
01/15/2016,34737,23418,58155,9290,3625,12915,12244,17134,23418,40552,2233,4688
01/16/2016,34685,23379,58064,9272,3615,12887,12230,17126,23379,40505,2225,4672
01/17/2016,34804,23456,58260,9329,3623,12952,12257,17168,23456,40624,2231,4684
01/18/2016,34891,23479,58370,9345,3657,13002,12277,17197,23479,40676,2234,4692
01/19/2016,34945,23494,58439,9389,3639,13028,12296,17225,23494,40719,2234,4692
01/20/2016,34907,23398,58305,9391,3644,13035,12258,17164,23398,40562,2242,4708
01/21/2016,34751,23232,57983,9415,3647,13062,12208,17031,23232,40263,2231,4658
01/22/2016,34849,23434,58283,9368,3636,13004,12274,17175,23434,40609,2223,4670
01/23/2016,34719,23450,58169,9233,3606,12839,12279,17194,23450,40644,2230,4686
01/24/2016,34870,23525,58395,9301,3627,12928,12323,17253,23525,40778,2231,4689
01/25/2016,34919,23476,58395,9390,3628,13018,12291,17216,23476,40692,2229,4685
01/26/2016,34892,23409,58301,9420,3630,13050,12256,17165,23409,40574,2226,4677
01/27/2016,34840,23363,58203,9376,3634,13010,12235,17137,23363,40500,2233,4693
01/28/2016,34837,23372,58209,9386,3636,13022,12224,17118,23372,40490,2235,4697
01/29/2016,34793,23398,58191,9348,3629,12977,12240,17137,23398,40535,2227,4679
01/30/2016,34749,23384,58133,9348,3615,12963,12237,17123,23384,40507,2220,4663
01/31/2016,34793,23391,58184,9371,3622,12993,12243,17126,23391,40517,2225,4674
02/01/2016,34744,23384,58128,9319,3595,12914,12248,17147,23384,40531,2229,4683
02/02/2016,34749,23394,58143,9345,3587,12932,12244,17143,23394,40537,2224,4674
02/03/2016,34807,23424,58231,9354,3579,12933,12278,17191,23424,40615,2229,4683
02/04/2016,34785,23406,58191,9321,3581,12902,12283,17196,23406,40602,2230,4687
02/05/2016,34726,23355,58081,9307,3569,12876,12256,17160,23355,40515,2231,4690
02/06/2016,34708,23306,58014,9296,3562,12858,12240,17139,23306,40445,2242,4711
02/07/2016,34776,23342,58118,9322,3578,12900,12257,17165,23342,40507,2242,4711
02/08/2016,34887,23296,58183,9413,3619,13032,12245,17144,23296,40440,2242,4711
02/09/2016,34914,23294,58208,9426,3627,13053,12244,17147,23294,40441,2243,4714
02/10/2016,34931,23294,58225,9443,3619,13062,12250,17154,23294,40448,2245,4715
02/11/2016,34973,23303,58276,9508,3612,13120,12233,17130,23303,40433,2249,4723
02/12/2016,34848,23243,58091,9447,3603,13050,12206,17079,23243,40322,2247,4719
02/13/2016,34838,23266,58104,9432,3597,13029,12206,17082,23266,40348,2251,4727
02/14/2016,34920,23297,58217,9461,3609,13070,12229,17119,23297,40416,2253,4731
02/15/2016,35026,23310,58336,9500,3630,13130,12239,17145,23310,40455,2263,4751
02/16/2016,35033,23318,58351,9512,3627,13139,12238,17147,23318,40465,2261,4747
02/17/2016,35029,23289,58318,9540,3626,13166,12225,17135,23289,40424,2251,4728
02/18/2016,34992,23285,58277,9524,3635,13159,12226,17134,23285,40419,2238,4699
02/19/2016,34932,23295,58227,9478,3605,13083,12230,17138,23295,40433,2244,4711
02/20/2016,34817,23226,58043,9428,3604,13032,12195,17093,23226,40319,2235,4692
02/21/2016,34910,23233,58143,9503,3620,13123,12204,17105,23233,40338,2229,4682
02/22/2016,35030,23258,58288,9546,3633,13179,12234,17155,23258,40413,2236,4696
02/23/2016,35024,23221,58245,9577,3639,13216,12202,17108,23221,40329,2238,4700
02/24/2016,35010,23221,58231,9550,3642,13192,12220,17133,23221,40354,2231,4685
02/25/2016,35038,23209,58247,9544,3665,13209,12229,17138,23209,40347,2233,4691
02/26/2016,34966,23187,58153,9512,3653,13165,12216,17124,23187,40311,2226,4677
02/27/2016,34873,23143,58016,9440,3650,13090,12208,17102,23143,40245,2229,4681
02/28/2016,34926,23165,58091,9479,3651,13130,12228,17131,23165,40296,2221,4665
02/29/2016,34986,23130,58116,9520,3681,13201,12211,17107,23130,40237,2228,4678
03/01/2016,34925,23114,58039,9495,3653,13148,12206,17098,23114,40212,2228,4679
03/02/2016,34979,23122,58101,9513,3662,13175,12215,17113,23122,40235,2234,4691
03/03/2016,34978,23088,58066,9529,3662,13191,12205,17097,23088,40185,2233,4690
03/04/2016,34916,23079,57995,9496,3633,13129,12202,17088,23079,40167,2237,4699
03/05/2016,34842,22988,57830,9483,3634,13117,12163,17030,22988,40018,2235,4695
03/06/2016,34907,22985,57892,9512,3657,13169,12167,17041,22985,40026,2235,4697
03/07/2016,35000,23034,58034,9554,3638,13192,12195,17085,23034,40119,2247,4723
03/08/2016,34966,23008,57974,9532,3650,13182,12188,17071,23008,40079,2242,4713
03/09/2016,34951,22990,57941,9506,3653,13159,12189,17068,22990,40058,2247,4724
03/10/2016,34934,22981,57915,9460,3656,13116,12195,17087,22981,40068,2250,4731
03/11/2016,34832,22882,57714,9446,3638,13084,12141,17018,22882,39900,2250,4730
03/12/2016,34761,22831,57592,9433,3619,13052,12124,16987,22831,39818,2246,4722
03/13/2016,34864,22841,57705,9474,3642,13116,12136,17008,22841,39849,2255,4740
03/14/2016,34958,22863,57821,9520,3661,13181,12155,17044,22863,39907,2252,4733
03/15/2016,34957,22854,57811,9527,3672,13199,12144,17026,22854,39880,2252,4732
03/16/2016,34960,22890,57850,9512,3655,13167,12172,17058,22890,39948,2252,4735
03/17/2016,34946,22875,57821,9475,3652,13127,12184,17085,22875,39960,2251,4734
03/18/2016,34897,22848,57745,9455,3649,13104,12160,17053,22848,39901,2254,4740
03/19/2016,34868,22844,57712,9450,3638,13088,12161,17058,22844,39902,2245,4722
03/20/2016,35009,22863,57872,9534,3668,13202,12174,17071,22863,39934,2252,4736
03/21/2016,35063,22914,57977,9568,3669,13237,12187,17096,22914,40010,2249,4730
03/22/2016,34993,22812,57805,9599,3651,13250,12124,17014,22812,39826,2248,4729
03/23/2016,35025,22842,57867,9567,3665,13232,12153,17042,22842,39884,2259,4751
03/24/2016,34981,22865,57846,9524,3650,13174,12185,17079,22865,39944,2247,4728
03/25/2016,34878,22795,57673,9467,3637,13104,12163,17043,22795,39838,2249,4731
03/26/2016,34924,22783,57707,9504,3642,13146,12156,17050,22783,39833,2248,4728
03/27/2016,34954,22783,57737,9502,3661,13163,12162,17059,22783,39842,2251,4732
03/28/2016,35032,22798,57830,9574,3676,13250,12160,17059,22798,39857,2246,4723
03/29/2016,35042,22764,57806,9591,3679,13270,12144,17043,22764,39807,2250,4729
03/30/2016,35054,22769,57823,9576,3675,13251,12153,17051,22769,39820,2260,4752
03/31/2016,34954,22807,57761,9471,3671,13142,12171,17070,22807,39877,2255,4742
04/01/2016,34736,22757,57493,9327,3638,12965,12155,17028,22757,39785,2255,4743
04/02/2016,34757,22770,57527,9357,3628,12985,12151,17027,22770,39797,2258,4745
04/03/2016,34931,22836,57767,9450,3643,13093,12192,17089,22836,39925,2259,4749
04/04/2016,35054,22864,57918,9542,3668,13210,12189,17081,22864,39945,2265,4763
04/05/2016,35032,22818,57850,9531,3678,13209,12182,17057,22818,39875,2267,4766
04/06/2016,35046,22854,57900,9509,3667,13176,12209,17098,22854,39952,2270,4772
04/07/2016,35103,22874,57977,9519,3663,13182,12233,17132,22874,40006,2277,4789
04/08/2016,34994,22811,57805,9449,3662,13111,12209,17093,22811,39904,2278,4790
04/09/2016,34941,22765,57706,9445,3657,13102,12196,17055,22765,39820,2275,4784
04/10/2016,35039,22746,57785,9496,3671,13167,12192,17055,22746,39801,2290,4817
04/11/2016,35157,22837,57994,9502,3690,13192,12249,17146,22837,39983,2291,4819
04/12/2016,35176,22820,57996,9521,3692,13213,12261,17139,22820,39959,2293,4824
04/13/2016,35123,22829,57952,9473,3695,13168,12263,17141,22829,39970,2288,4814
04/14/2016,35123,22814,57937,9502,3692,13194,12248,17120,22814,39934,2286,4809
04/15/2016,35007,22796,57803,9416,3687,13103,12243,17107,22796,39903,2282,4797
04/16/2016,34946,22798,57744,9350,3688,13038,12251,17121,22798,39919,2277,4787
04/17/2016,35025,22791,57816,9423,3697,13120,12246,17113,22791,39904,2280,4792
04/18/2016,35116,22805,57921,9472,3708,13180,12261,17143,22805,39948,2280,4793
04/19/2016,35093,22774,57867,9465,3713,13178,12254,17136,22774,39910,2272,4779
04/20/2016,35082,22778,57860,9441,3709,13150,12264,17154,22778,39932,2271,4778
04/21/2016,35075,22770,57845,9431,3716,13147,12266,17154,22770,39924,2270,4774
04/22/2016,34992,22719,57711,9359,3705,13064,12253,17135,22719,39854,2280,4793
04/23/2016,34952,22701,57653,9364,3703,13067,12243,17112,22701,39813,2270,4773
04/24/2016,35044,22709,57753,9424,3719,13143,12246,17109,22709,39818,2279,4792
04/25/2016,35122,22718,57840,9449,3729,13178,12264,17137,22718,39855,2286,4807
04/28/2016,35284,22834,58118,9499,3746,13245,12334,17231,22834,40065,2286,4808
04/29/2016,35040,22775,57815,9357,3680,13037,12305,17193,22775,39968,2287,4810
04/30/2016,35023,22770,57793,9347,3680,13027,12299,17188,22770,39958,2285,4808
05/01/2016,35207,22808,58015,9447,3722,13169,12321,17218,22808,40026,2291,4820
05/02/2016,35221,22783,58004,9441,3728,13169,12324,17225,22783,40008,2294,4827
05/03/2016,35235,22824,58059,9424,3733,13157,12347,17258,22824,40082,2291,4820
05/04/2016,35260,22842,58102,9427,3744,13171,12369,17292,22842,40134,2282,4797
05/05/2016,35219,22838,58057,9392,3745,13137,12369,17280,22838,40118,2284,4802
05/06/2016,35172,22821,57993,9377,3724,13101,12359,17259,22821,40080,2289,4812
05/07/2016,35087,22783,57870,9345,3710,13055,12348,17239,22783,40022,2280,4793
05/08/2016,35173,22830,58003,9392,3719,13111,12379,17271,22830,40101,2279,4791
05/09/2016,35210,22793,58003,9437,3726,13163,12345,17233,22793,40026,2290,4814
05/10/2016,35129,22726,57855,9395,3724,13119,12327,17193,22726,39919,2293,4817
05/11/2016,35065,22746,57811,9322,3726,13048,12338,17195,22746,39941,2295,4822
05/12/2016,35099,22749,57848,9370,3716,13086,12337,17193,22749,39942,2294,4820
05/13/2016,35102,22778,57880,9369,3704,13073,12351,17204,22778,39982,2297,4825
05/14/2016,35026,22757,57783,9347,3696,13043,12336,17186,22757,39943,2283,4797
05/15/2016,35119,22775,57894,9427,3702,13129,12349,17200,22775,39975,2280,4790
05/16/2016,35227,22833,58060,9408,3743,13151,12388,17264,22833,40097,2291,4812
05/17/2016,35218,22832,58050,9423,3726,13149,12382,17246,22832,40078,2298,4823
05/18/2016,35294,22867,58161,9460,3743,13203,12398,17266,22867,40133,2299,4825
05/19/2016,35247,22791,58038,9455,3742,13197,12368,17216,22791,40007,2303,4834
05/20/2016,35129,22786,57915,9374,3691,13065,12359,17216,22786,40002,2310,4848
05/21/2016,35076,22733,57809,9383,3699,13082,12322,17167,22733,39900,2300,4827
05/22/2016,35157,22751,57908,9418,3708,13126,12341,17189,22751,39940,2307,4842
05/23/2016,35224,22744,57968,9450,3720,13170,12343,17186,22744,39930,2319,4868
05/24/2016,35163,22699,57862,9452,3710,13162,12311,17131,22699,39830,2320,4870
05/25/2016,35138,22692,57830,9418,3708,13126,12320,17131,22692,39823,2326,4881
05/26/2016,35079,22665,57744,9393,3711,13104,12314,17114,22665,39779,2316,4861
05/27/2016,34996,22605,57601,9363,3700,13063,12283,17073,22605,39678,2315,4860
05/28/2016,34880,22596,57476,9279,3682,12961,12264,17049,22596,39645,2320,4870
05/29/2016,34998,22638,57636,9315,3700,13015,12293,17096,22638,39734,2328,4887
05/30/2016,35033,22611,57644,9356,3715,13071,12279,17072,22611,39683,2330,4890
06/01/2016,35010,22631,57641,9299,3711,13010,12304,17106,22631,39737,2331,4894
06/02/2016,35085,22653,57738,9340,3719,13059,12322,17129,22653,39782,2333,4897
06/03/2016,34994,22625,57619,9249,3713,12962,12317,17114,22625,39739,2343,4918
06/04/2016,34992,22628,57620,9274,3700,12974,12313,17111,22628,39739,2338,4907
06/05/2016,35173,22680,57853,9359,3719,13078,12354,17174,22680,39854,2345,4921
06/06/2016,35190,22649,57839,9366,3728,13094,12339,17152,22649,39801,2356,4944
06/07/2016,35157,22617,57774,9358,3733,13091,12336,17125,22617,39742,2353,4941
06/08/2016,35247,22666,57913,9404,3756,13160,12358,17145,22666,39811,2355,4942
06/09/2016,35250,22707,57957,9383,3744,13127,12382,17186,22707,39893,2353,4937
06/10/2016,34960,22731,57691,9284,3530,12814,12399,17215,22731,39946,2351,4931
06/11/2016,35041,22651,57692,9242,3694,12936,12373,17176,22651,39827,2350,4929
06/12/2016,35184,22687,57871,9336,3726,13062,12393,17199,22687,39886,2347,4923
06/13/2016,35233,22679,57912,9366,3752,13118,12387,17198,22679,39877,2345,4917
06/14/2016,35257,22651,57908,9361,3766,13127,12385,17204,22651,39855,2351,4926
06/15/2016,35268,22655,57923,9351,3758,13109,12404,17231,22655,39886,2350,4928
06/16/2016,35279,22683,57962,9356,3749,13105,12413,17248,22683,39931,2350,4926
06/17/2016,35198,22695,57893,9295,3748,13043,12407,17231,22695,39926,2348,4924
06/18/2016,35107,22672,57779,9257,3717,12974,12398,17223,22672,39895,2341,4910
06/19/2016,35205,22668,57873,9314,3750,13064,12398,17219,22668,39887,2347,4922
06/20/2016,35258,22666,57924,9367,3758,13125,12385,17202,22666,39868,2352,4931
06/21/2016,35210,22629,57839,9355,3759,13114,12360,17173,22629,39802,2347,4923
06/22/2016,35173,22614,57787,9309,3779,13088,12359,17166,22614,39780,2346,4919
06/23/2016,35183,22611,57794,9318,3787,13105,12360,17173,22611,39784,2337,4905
06/24/2016,35120,22613,57733,9277,3761,13038,12371,17190,22613,39803,2331,4892
06/25/2016,34959,22543,57502,9199,3755,12954,12333,17130,22543,39673,2323,4875
06/26/2016,35063,22571,57634,9256,3768,13024,12353,17167,22571,39738,2323,4872
06/27/2016,35162,22597,57759,9291,3783,13074,12372,17186,22597,39783,2337,4902
06/28/2016,35184,22556,57740,9350,3778,13128,12359,17164,22556,39720,2331,4892
06/29/2016,35164,22615,57779,9287,3764,13051,12388,17213,22615,39828,2334,4900
06/30/2016,35134,22653,57787,9253,3736,12989,12413,17228,22653,39881,2342,4917
07/01/2016,34893,22547,57440,9171,3682,12853,12358,17150,22547,39697,2330,4890
07/02/2016,34805,22543,57348,9132,3652,12784,12355,17143,22543,39686,2323,4878
07/03/2016,34946,22618,57564,9168,3679,12847,12391,17195,22618,39813,2336,4904
07/04/2016,35020,22669,57689,9184,3693,12877,12424,17235,22669,39904,2338,4908
07/05/2016,35123,22614,57737,9245,3734,12979,12409,17213,22614,39827,2349,4931
07/06/2016,35128,22577,57705,9261,3731,12992,12386,17194,22577,39771,2355,4942
07/07/2016,35165,22626,57791,9258,3744,13002,12405,17219,22626,39845,2357,4944
07/08/2016,35105,22637,57742,9195,3725,12920,12411,17237,22637,39874,2358,4948
07/09/2016,35087,22704,57791,9175,3712,12887,12446,17283,22704,39987,2344,4917
07/10/2016,35190,22728,57918,9232,3721,12953,12459,17307,22728,40035,2350,4930
07/11/2016,35225,22732,57957,9249,3732,12981,12459,17303,22732,40035,2355,4941
07/12/2016,35237,22762,57999,9234,3747,12981,12472,17313,22762,40075,2357,4943
07/13/2016,35259,22738,57997,9258,3748,13006,12461,17309,22738,40047,2357,4944
07/14/2016,35353,22818,58171,9282,3746,13028,12503,17378,22818,40196,2358,4947
07/15/2016,35310,22889,58199,9195,3706,12901,12555,17450,22889,40339,2364,4959
07/16/2016,35306,22908,58214,9173,3727,12900,12563,17449,22908,40357,2361,4957
07/17/2016,35351,22967,58318,9226,3670,12896,12595,17496,22967,40463,2360,4959
07/18/2016,35525,22955,58480,9297,3749,13046,12591,17496,22955,40451,2371,4983
07/19/2016,35355,22888,58243,9219,3757,12976,12545,17426,22888,40314,2356,4953
07/20/2016,35409,22919,58328,9242,3755,12997,12569,17460,22919,40379,2356,4952
07/21/2016,35443,22987,58430,9251,3727,12978,12616,17520,22987,40507,2353,4945
07/22/2016,35304,22970,58274,9160,3722,12882,12597,17488,22970,40458,2347,4934
07/23/2016,35306,22973,58279,9152,3734,12886,12602,17503,22973,40476,2339,4917
07/24/2016,35340,23017,58357,9133,3748,12881,12627,17543,23017,40560,2338,4916
07/25/2016,35448,22963,58411,9244,3739,12983,12615,17521,22963,40484,2352,4944
07/27/2016,35435,22956,58391,9218,3771,12989,12611,17507,22956,40463,2349,4939
07/28/2016,35394,22953,58347,9190,3771,12961,12620,17509,22953,40462,2343,4924
07/29/2016,35324,22956,58280,9142,3741,12883,12610,17488,22956,40444,2357,4953
07/30/2016,35350,22987,58337,9148,3727,12875,12626,17522,22987,40509,2357,4953
07/31/2016,35477,23069,58546,9184,3735,12919,12667,17589,23069,40658,2365,4969
08/01/2016,35481,23045,58526,9207,3739,12946,12640,17555,23045,40600,2370,4980
08/02/2016,35488,23013,58501,9229,3742,12971,12626,17529,23013,40542,2374,4988
08/03/2016,35485,23023,58508,9227,3748,12975,12631,17531,23023,40554,2369,4979
08/04/2016,35557,23108,58665,9205,3742,12947,12701,17619,23108,40727,2374,4991
08/05/2016,35436,23066,58502,9164,3716,12880,12689,17592,23066,40658,2361,4964
08/06/2016,35502,23120,58622,9154,3735,12889,12711,17622,23120,40742,2375,4991
08/07/2016,35654,23207,58861,9211,3760,12971,12750,17686,23207,40893,2378,4997
08/08/2016,35710,23207,58917,9256,3762,13018,12748,17687,23207,40894,2382,5005
08/09/2016,35721,23219,58940,9291,3742,13033,12763,17700,23219,40919,2374,4988
08/10/2016,35732,23227,58959,9272,3745,13017,12775,17707,23227,40934,2384,5008
08/11/2016,35811,23297,59108,9303,3734,13037,12830,17774,23297,41071,2380,5000
08/12/2016,35751,23312,59063,9243,3725,12968,12841,17793,23312,41105,2376,4990
08/13/2016,35646,23289,58935,9187,3714,12901,12816,17763,23289,41052,2372,4982
08/14/2016,35753,23335,59088,9252,3732,12984,12844,17798,23335,41133,2367,4971
08/15/2016,35829,23381,59210,9260,3732,12992,12875,17844,23381,41225,2377,4993
08/16/2016,35762,23312,59074,9241,3729,12970,12836,17792,23312,41104,2381,5000
08/17/2016,35812,23351,59163,9254,3746,13000,12857,17813,23351,41164,2381,4999
08/18/2016,35805,23319,59124,9284,3744,13028,12837,17781,23319,41100,2381,4996
08/19/2016,35684,23332,59016,9193,3727,12920,12848,17788,23332,41120,2372,4976
08/20/2016,35608,23410,59018,9197,3623,12820,12886,17823,23410,41233,2366,4965
08/21/2016,35832,23434,59266,9268,3742,13010,12902,17843,23434,41277,2374,4979
08/22/2016,35883,23435,59318,9323,3748,13071,12889,17822,23435,41257,2379,4990
08/23/2016,35910,23455,59365,9345,3759,13104,12904,17846,23455,41301,2364,4960
08/24/2016,35920,23453,59373,9285,3788,13073,12913,17844,23453,41297,2385,5003
08/25/2016,35879,23435,59314,9284,3784,13068,12913,17833,23435,41268,2372,4978
08/26/2016,35800,23460,59260,9186,3761,12947,12941,17870,23460,41330,2376,4983
08/27/2016,35728,23484,59212,9113,3769,12882,12949,17875,23484,41359,2370,4971
08/28/2016,35804,23433,59237,9206,3774,12980,12917,17833,23433,41266,2379,4991
08/29/2016,35888,23447,59335,9252,3781,13033,12934,17856,23447,41303,2384,4999
08/30/2016,35897,23440,59337,9256,3787,13043,12926,17841,23440,41281,2391,5013
08/31/2016,35974,23503,59477,9269,3789,13058,12957,17888,23503,41391,2399,5028
09/01/2016,35936,23545,59481,9262,3761,13023,12976,17916,23545,41461,2383,4997
09/02/2016,35806,23506,59312,9210,3713,12923,12942,17878,23506,41384,2387,5005
09/03/2016,35803,23500,59303,9197,3728,12925,12955,17889,23500,41389,2378,4989
09/04/2016,35827,23440,59267,9261,3743,13004,12936,17845,23440,41285,2377,4978
09/05/2016,35852,23443,59295,9264,3769,13033,12927,17826,23443,41269,2385,4993
09/06/2016,35876,23419,59295,9300,3773,13073,12916,17802,23419,41221,2389,5001
09/07/2016,35880,23441,59321,9297,3777,13074,12931,17824,23441,41265,2381,4982
09/08/2016,35848,23431,59279,9284,3765,13049,12933,17822,23431,41253,2379,4977
09/09/2016,35902,23511,59413,9273,3773,13046,12967,17868,23511,41379,2384,4988
09/10/2016,35845,23478,59323,9229,3770,12999,12959,17853,23478,41331,2386,4993
09/11/2016,35944,23519,59463,9251,3786,13037,12986,17897,23519,41416,2394,5010
09/12/2016,35968,23536,59504,9253,3793,13046,12996,17910,23536,41446,2395,5012
09/13/2016,35995,23532,59527,9296,3794,13090,12989,17914,23532,41446,2383,4991
09/14/2016,36006,23542,59548,9306,3802,13108,12985,17890,23542,41432,2390,5008
09/15/2016,36075,23587,59662,9322,3790,13112,13026,17938,23587,41525,2398,5025
09/16/2016,36008,23601,59609,9252,3774,13026,13038,17962,23601,41563,2396,5020
09/17/2016,36016,23644,59660,9257,3771,13028,13050,17983,23644,41627,2389,5005
09/18/2016,36094,23604,59698,9300,3796,13096,13040,17966,23604,41570,2402,5032
09/19/2016,36158,23576,59734,9349,3815,13164,13018,17949,23576,41525,2409,5045
09/20/2016,36187,23599,59786,9342,3816,13158,13037,17964,23599,41563,2418,5065
09/21/2016,36237,23616,59853,9347,3820,13167,13062,18011,23616,41627,2414,5059
09/22/2016,36173,23590,59763,9332,3817,13149,13031,17972,23590,41562,2410,5052
09/23/2016,36157,23630,59787,9286,3803,13089,13058,18017,23630,41647,2410,5051
09/24/2016,36050,23574,59624,9237,3813,13050,13027,17975,23574,41549,2397,5025
09/25/2016,36196,23661,59857,9295,3820,13115,13080,18055,23661,41716,2399,5026
09/26/2016,36254,23685,59939,9330,3816,13146,13094,18068,23685,41753,2405,5040
09/27/2016,36181,23603,59784,9328,3827,13155,13048,18009,23603,41612,2395,5017
09/28/2016,36314,23634,59948,9393,3844,13237,13073,18041,23634,41675,2403,5036
09/29/2016,36290,23628,59918,9385,3842,13227,13067,18023,23628,41651,2406,5040
09/30/2016,36169,23601,59770,9321,3819,13140,13059,17998,23601,41599,2402,5031
10/01/2016,36144,23574,59718,9314,3807,13121,13060,17993,23574,41567,2403,5030
10/02/2016,36259,23628,59887,9375,3823,13198,13093,18034,23628,41662,2402,5027
10/03/2016,36240,23551,59791,9379,3846,13225,13066,17985,23551,41536,2404,5030
10/04/2016,36308,23566,59874,9406,3856,13262,13075,18010,23566,41576,2408,5036
10/05/2016,36231,23585,59816,9329,3851,13180,13095,18022,23585,41607,2406,5029
10/06/2016,36285,23643,59928,9340,3855,13195,13124,18054,23643,41697,2409,5036
10/07/2016,36202,23582,59784,9318,3851,13169,13088,17994,23582,41576,2411,5039
10/08/2016,36173,23554,59727,9324,3847,13171,13083,17985,23554,41539,2401,5017
10/09/2016,36280,23607,59887,9360,3852,13212,13115,18040,23607,41647,2406,5028
10/10/2016,36337,23571,59908,9389,3879,13268,13101,18019,23571,41590,2417,5050
10/11/2016,36321,23619,59940,9351,3868,13219,13117,18040,23619,41659,2424,5062
10/12/2016,36370,23592,59962,9416,3887,13303,13098,18011,23592,41603,2422,5056
10/13/2016,36406,23593,59999,9433,3893,13326,13102,18014,23593,41607,2427,5066
10/15/2016,36334,23554,59888,9404,3884,13288,13074,17972,23554,41526,2431,5074
10/14/2016,36379,23587,59966,9433,3893,13326,13098,17996,23587,41583,2423,5057
10/15/2016,36334,23554,59888,9404,3884,13288,13074,17972,23554,41526,2431,5074
10/16/2016,36399,23594,59993,9439,3882,13321,13088,18001,23594,41595,2432,5077
10/17/2016,36423,23541,59964,9502,3881,13383,13059,17960,23541,41501,2433,5080
10/18/2016,36463,23554,60017,9518,3903,13421,13066,17977,23554,41531,2426,5065
10/19/2016,36465,23565,60030,9511,3911,13422,13073,17975,23565,41540,2427,5068
10/20/2016,36461,23598,60059,9518,3907,13425,13089,17982,23598,41580,2420,5054
10/21/2016,36262,23545,59807,9468,3904,13372,13034,17906,23545,41451,2387,4984
10/22/2016,36291,23539,59830,9493,3901,13394,13043,17915,23539,41454,2386,4982
10/23/2016,36357,23560,59917,9502,3908,13410,13070,17951,23560,41511,2391,4996
10/24/2016,36301,23597,59898,9521,3792,13313,13084,17970,23597,41567,2401,5018
10/25/2016,36480,23618,60098,9526,3906,13432,13105,18001,23618,41619,2415,5047
10/27/2016,36556,23677,60233,9524,3903,13427,13143,18065,23677,41742,2423,5064
10/26/2016,36506,23621,60127,9536,3897,13433,13114,18025,23621,41646,2415,5048
10/28/2016,36528,23652,60180,9499,3901,13400,13137,18060,23652,41712,2424,5068
10/29/2016,36494,23639,60133,9486,3891,13377,13124,18035,23639,41674,2431,5082
10/27/2016,36556,23677,60233,9524,3903,13427,13143,18065,23677,41742,2423,5064
10/30/2016,36581,23662,60243,9522,3899,13421,13139,18067,23662,41729,2437,5093
10/31/2016,36546,23706,60252,9490,3886,13376,13154,18082,23706,41788,2433,5088
11/01/2016,36533,23719,60252,9484,3861,13345,13147,18082,23719,41801,2442,5106
11/02/2016,36520,23711,60231,9464,3872,13336,13131,18065,23711,41776,2447,5119
11/03/2016,36574,23709,60283,9540,3858,13398,13133,18059,23709,41768,2446,5117
11/04/2016,36530,23723,60253,9536,3855,13391,13117,18034,23723,41757,2440,5105
11/05/2016,36546,23726,60272,9544,3861,13405,13116,18041,23726,41767,2437,5100
11/06/2016,36654,23745,60399,9596,3882,13478,13130,18056,23745,41801,2446,5120
11/07/2016,36676,23742,60418,9586,3885,13471,13136,18066,23742,41808,2455,5139
11/08/2016,36663,23710,60373,9594,3878,13472,13130,18057,23710,41767,2453,5134
11/09/2016,36775,23765,60540,9629,3880,13509,13170,18104,23765,41869,2467,5162
11/10/2016,36801,23768,60569,9643,3880,13523,13178,18105,23768,41873,2472,5173
11/11/2016,36793,23785,60578,9601,3886,13487,13197,18131,23785,41916,2473,5175
11/12/2016,36796,23783,60579,9605,3884,13489,13192,18140,23783,41923,2469,5167
11/13/2016,36869,23830,60699,9617,3885,13502,13225,18186,23830,42016,2476,5181
11/14/2016,36867,23807,60674,9622,3889,13511,13200,18158,23807,41965,2483,5198
11/15/2016,36828,23760,60588,9641,3893,13534,13176,18112,23760,41872,2476,5182
11/16/2016,36854,23813,60667,9633,3890,13523,13207,18144,23813,41957,2480,5187
11/17/2016,36900,23809,60709,9647,3897,13544,13212,18156,23809,41965,2483,5200
11/18/2016,36801,23807,60608,9590,3859,13449,13217,18158,23807,41965,2480,5194
11/19/2016,36661,23657,60318,9578,3866,13444,13144,18049,23657,41706,2468,5168
11/20/2016,36762,23662,60424,9635,3883,13518,13145,18065,23662,41727,2473,5179
11/21/2016,36748,23697,60445,9636,3778,13414,13169,18099,23697,41796,2500,5235
11/22/2016,36832,23675,60507,9630,3905,13535,13148,18061,23675,41736,2500,5236
11/23/2016,36824,23680,60504,9622,3870,13492,13156,18077,23680,41757,2509,5255
11/24/2016,36828,23749,60577,9586,3857,13443,13188,18123,23749,41872,2513,5262
11/25/2016,36788,23696,60484,9589,3848,13437,13154,18075,23696,41771,2520,5276
11/26/2016,36803,23701,60504,9589,3857,13446,13157,18085,23701,41786,2519,5272
11/27/2016,36869,23713,60582,9649,3871,13520,13159,18091,23713,41804,2511,5258
11/28/2016,36880,23722,60602,9636,3876,13512,13163,18098,23722,41820,2517,5270
11/29/2016,36856,23697,60553,9637,3887,13524,13153,18086,23697,41783,2505,5246
11/30/2016,36838,23741,60579,9613,3889,13502,13163,18085,23741,41826,2506,5251
12/01/2016,36821,23746,60567,9636,3870,13506,13170,18081,23746,41827,2496,5234
12/02/2016,36793,23770,60563,9586,3861,13447,13187,18102,23770,41872,2502,5244
12/03/2016,36734,23754,60488,9553,3852,13405,13171,18083,23754,41837,2503,5246
12/04/2016,36852,23819,60671,9624,3871,13495,13199,18118,23819,41937,2499,5239
12/05/2016,36898,23788,60686,9640,3879,13519,13189,18110,23788,41898,2514,5269
12/06/2016,36884,23783,60667,9643,3879,13522,13195,18115,23783,41898,2503,5247
12/07/2016,36910,23793,60702,9663,3875,13538,13204,18122,23793,41915,2503,5250
12/08/2016,36896,23727,60623,9682,3869,13551,13179,18077,23727,41804,2511,5268
12/09/2016,36831,23700,60531,9633,3867,13500,13159,18056,23700,41756,2515,5275
12/10/2016,36773,23676,60449,9598,3850,13448,13147,18035,23676,41711,2523,5290
12/11/2016,36779,23605,60384,9646,3854,13500,13108,17991,23605,41596,2522,5288
12/12/2016,36842,23638,60480,9653,3871,13524,13121,18013,23638,41651,2529,5305
12/13/2016,36880,23701,60581,9658,3853,13511,13146,18056,23701,41757,2533,5313
12/14/2016,36924,23738,60662,9664,3871,13535,13151,18084,23738,41822,2530,5305
12/15/2016,36957,23731,60688,9692,3884,13576,13160,18082,23731,41813,2526,5299
12/16/2016,36874,23678,60552,9658,3870,13528,13138,18051,23678,41729,2525,5295
12/17/2016,36807,23640,60447,9628,3859,13487,13105,18015,23640,41655,2530,5305
12/18/2016,36837,23597,60434,9693,3870,13563,13083,17977,23597,41574,2527,5297
12/19/2016,36887,23607,60494,9745,3836,13581,13095,17995,23607,41602,2532,5311
12/20/2016,36830,23571,60401,9727,3850,13577,13076,17964,23571,41535,2521,5289
12/21/2016,36844,23538,60382,9755,3839,13594,13062,17944,23538,41482,2530,5306
12/22/2016,36806,23507,60313,9773,3812,13585,13049,17928,23507,41435,2524,5293
12/23/2016,36699,23473,60172,9722,3804,13526,13021,17890,23473,41363,2519,5283
12/24/2016,36575,23397,59972,9662,3794,13456,12983,17838,23397,41235,2518,5281
12/25/2016,36644,23436,60080,9705,3752,13457,13009,17873,23436,41309,2534,5314
12/26/2016,36716,23390,60106,9772,3776,13548,12984,17832,23389,41221,2544,5337
12/27/2016,36725,23390,60115,9774,3792,13566,12983,17834,23390,41224,2538,5325
12/27/2016,36725,23390,60115,9774,3792,13566,12983,17834,23390,41224,2538,5325
12/28/2016,36784,23403,60187,9824,3798,13622,12992,17851,23403,41254,2532,5311
12/29/2016,36746,23395,60141,9798,3790,13588,12986,17846,23395,41241,2533,5312
12/30/2016,36609,23334,59943,9738,3748,13486,12958,17811,23334,41145,2533,5312
12/31/2016,36324,23320,59644,9544,3684,13228,12952,17804,23320,41124,2524,5292
01/01/2017,36560,23335,59895,9713,3720,13433,12965,17827,23335,41162,2528,5300
01/02/2017,36713,23343,60056,9804,3777,13581,12971,17834,23343,41177,2527,5298
01/03/2017,36710,23312,60022,9825,3769,13594,12956,17816,23312,41128,2528,5300
01/04/2017,36733,23308,60041,9850,3787,13637,12951,17804,23308,41112,2523,5292
01/05/2017,36785,23365,60150,9873,3785,13658,12992,17847,23365,41212,2516,5280
01/06/2017,36705,23386,60091,9807,3767,13574,12990,17837,23386,41223,2523,5294
01/07/2017,36764,23451,60215,9810,3783,13593,13013,17870,23451,41321,2526,5301
01/08/2017,36811,23438,60249,9855,3780,13635,13017,17879,23438,41317,2524,5297
01/09/2017,36889,23484,60373,9868,3805,13673,13040,17910,23484,41394,2529,5306
01/10/2017,36821,23416,60237,9859,3813,13672,12998,17848,23416,41264,2526,5301
01/11/2017,36805,23443,60248,9818,3796,13614,13017,17881,23443,41324,2531,5310
01/12/2017,36773,23471,60244,9790,3782,13572,13021,17883,23471,41354,2535,5318
01/13/2017,36760,23499,60259,9797,3774,13571,13033,17901,23499,41400,2521,5288
01/14/2017,36734,23464,60198,9792,3773,13565,13017,17884,23464,41348,2519,5285
01/15/2017,36746,23442,60188,9817,3786,13603,13010,17857,23442,41299,2520,5286
01/16/2017,36684,23431,60115,9860,3685,13545,13008,17852,23431,41283,2520,5287
01/17/2017,36843,23463,60306,9856,3804,13660,13024,17886,23463,41349,2526,5297
01/19/2017,36820,23455,60275,9876,3793,13669,13000,17853,23455,41308,2527,5298
01/20/2017,36783,23457,60240,9875,3767,13642,13016,17873,23457,41330,2511,5268
01/21/2017,36814,23412,60226,9907,3778,13685,13000,17848,23412,41260,2516,5281
01/26/2017,36949,23475,60424,9969,3795,13764,13056,17927,23475,41402,2506,5258
01/27/2017,36862,23472,60334,9919,3800,13719,13037,17895,23472,41367,2501,5248
01/28/2017,36814,23432,60246,9885,3810,13695,13013,17866,23432,41298,2502,5253
01/29/2017,36894,23415,60309,9918,3824,13742,13013,17874,23415,41289,2514,5278
01/30/2017,36964,23439,60403,9942,3833,13775,13033,17898,23439,41337,2520,5291
01/31/2017,36897,23424,60321,9913,3827,13740,13021,17887,23424,41311,2509,5270
02/01/2017,36829,23354,60183,9918,3794,13712,12997,17851,23354,41205,2509,5266
02/02/2017,36794,23315,60109,9915,3791,13706,12981,17820,23315,41135,2511,5268
02/03/2017,36755,23318,60073,9886,3797,13683,12980,17831,23318,41149,2497,5241
02/04/2017,36760,23352,60112,9895,3784,13679,12985,17846,23352,41198,2494,5235
02/05/2017,36842,23387,60229,9937,3801,13738,13001,17868,23387,41255,2494,5236
02/06/2017,36931,23399,60330,9966,3833,13799,13000,17880,23399,41279,2499,5252
02/07/2017,36853,23326,60179,9936,3847,13783,12959,17828,23326,41154,2495,5242
02/08/2017,36865,23333,60198,9944,3845,13789,12953,17817,23333,41150,2502,5259
02/09/2017,36959,23352,60311,9978,3849,13827,12978,17849,23352,41201,2514,5283
02/10/2017,36875,23323,60198,9955,3824,13779,12955,17822,23323,41145,2510,5274
02/11/2017,36788,23288,60076,9918,3835,13753,12934,17784,23288,41072,2498,5251
02/12/2017,36844,23267,60111,9972,3858,13830,12915,17753,23267,41020,2503,5261
02/13/2017,36790,23307,60097,9979,3754,13733,12939,17785,23307,41092,2508,5272
02/14/2017,36875,23280,60155,10003,3853,13856,12922,17761,23280,41041,2502,5258
02/15/2017,36859,23267,60126,10016,3845,13861,12909,17730,23267,40997,2507,5268
02/16/2017,36841,23264,60105,10024,3830,13854,12918,17735,23264,40999,2500,5252
02/17/2017,36794,23239,60033,9999,3821,13820,12918,17731,23239,40970,2496,5243
02/18/2017,36734,23242,59976,9949,3826,13775,12918,17730,23242,40972,2489,5229
02/19/2017,36756,23210,59966,9996,3820,13816,12908,17723,23210,40933,2483,5217
02/20/2017,36830,23218,60048,10012,3833,13845,12913,17731,23218,40949,2500,5254
02/21/2017,36843,23218,60061,10038,3820,13858,12897,17724,23218,40942,2503,5261
02/22/2017,36802,23170,59972,10031,3833,13864,12867,17677,23170,40847,2504,5261
02/23/2017,36773,23182,59955,10021,3810,13831,12881,17680,23182,40862,2503,5262
02/24/2017,36690,23153,59843,9951,3796,13747,12876,17676,23153,40829,2505,5267
02/25/2017,36705,23161,59866,9963,3794,13757,12885,17688,23161,40849,2501,5260
02/26/2017,36781,23163,59944,10029,3817,13846,12882,17677,23163,40840,2500,5258
02/27/2017,36796,23201,59997,10036,3815,13851,12885,17684,23201,40885,2501,5261
02/28/2017,36764,23145,59909,10042,3826,13868,12858,17647,23145,40792,2495,5249
